1 0
1 1
1 2
1 3	
1 4
1 5
1 aa
1 bb
1 cc
1 dd
1 8
1 9
1 10
1 a
1 b
1 c
1 d
1 e
1 f
1 8
0 c   //inicio do loop
0 d
2 10
2 11
2 14
2 15
0 8
0 2
0 15
0 4
0 c
0 6
0 1
0 ff
2 10
2 11
2 14
2 15
0 7
0 2
0 9
0 11
0 b
2 10
2 11
2 14
2 15
0 c
0 3
0 f
0 11
0 1
0 8
2 10
2 11
2 14
2 5
2 13
0 15
0 14
0 20
0 21
0 22
0 23
0 24
0 25
0 26
0 27
0 28
0 29
0 2a
0 2b
0 2c
0 2d
0 2e
0 2f
0 30
0 31
2 15   //fim loop
0 16
1 16
1 17
1 50
1 70
1 90
1 b0
1 d0
1 f0
1 10
1 30
1 50
1 70
1 90
0 b6
0 c6
0 d6
0 e6
0 f6
0 37
0 57
0 77
0 97
0 b7
0 d7
0 f7
0 47
0 67
0 87
0 a7
0 c7
0 e7
0 58
0 78
0 98
0 b8
0 d8
0 f8
0 68
0 88
0 a8
0 c8
0 e8
1 b0
1 d0
1 f0
1 20
1 40
1 60
1 80
1 a0
1 c0
0 10
0 30
0 50
0 70
0 90
0 b0
0 d0
0 f0
0 1
0 20
0 40
0 60
0 80
0 a0
0 c0
0 e0
0 f0
0 12
0 34
0 56
0 78
0 9a
0 bc
0 de
0 ef
0 11
0 33
0 55
0 77
0 99
0 bb
0 dd
0 ff
0 22
0 44
0 66
0 88
0 aa
0 cc
0 ee
1 25
1 35
1 45
1 55
1 65
1 75
1 85
1 95
1 a5
1 b5
1 c5
1 d5
1 e5
1 f5
1 32
1 52
1 72
1 92
1 b2
1 d2
1 f2
1 62
1 82
1 a2
1 c2
1 e2
1 43
1 63
1 83
1 a3
1 c3
1 e3
1 53
1 73
1 93
1 b3
1 d3
1 f3
0 26
0 36
0 46
0 56
0 66
0 76
0 86
0 96
0 a6
0 b6
0 c6
0 d6
0 e6
0 f6
0 37
0 57
0 77
0 97
0 b7
0 d7
0 f7
0 47
0 67
0 87
0 a7
0 c7
0 e7
0 58
0 78
0 98
0 b8
0 d8
0 f8
0 68
0 88
0 a8
0 c8
0 e8
0 59
0 79
0 99
0 b9
0 d9
0 f9
0 69
0 89
0 a9
0 c9
0 e9